5
[[0,1,1],[1,4,1],[0,2,1],[2,3,1],[3,4,1]]
4
[2,3,1,1,1]
0
4
3
[[0,1,2],[1,2,2],[2,0,2]]
3
[1,1,1]
1
1
4
[[0,1,3],[2,3,4]]
3
[1,1,1,1]
0
3
2
[[0,1,9]]
3
[2,1]
1
0
4
[[1,1,8],[2,3,4],[1,3,5],[1,0,1],[1,2,1],[3,0,7],[3,3,3]]
6
[5,1,5,4]
1
3
16
[[5,6,69],[0,11,71],[12,3,33],[12,14,78],[7,11,12],[10,13,89],[1,1,79],[11,7,64],[4,7,98],[14,7,10],[2,13,61],[11,12,44],[2,15,17],[11,7,98],[2,12,65],[5,3,47],[8,13,78],[5,0,39],[13,4,82],[15,3,31],[5,6,53],[0,7,39],[10,6,12],[4,8,97],[4,5,17],[14,13,96],[9,11,45],[14,1,29],[0,2,37],[11,3,49],[9,9,42],[12,2,94],[1,3,80],[15,14,59],[7,6,27],[15,6,78],[1,3,19],[13,0,26],[6,8,54],[12,6,15],[13,7,39],[1,7,78],[10,8,32],[1,14,25],[4,15,81],[15,6,23],[10,13,44],[1,13,46],[2,10,30],[10,14,57],[10,1,21],[11,3,35],[0,6,54],[0,15,81],[13,0,79],[10,11,85],[10,6,53],[7,14,70],[2,8,13],[8,12,79],[14,2,37],[15,11,63],[6,14,71],[11,2,100],[6,4,20],[2,12,58],[9,7,66],[13,15,79],[1,14,98],[3,13,31],[6,8,66],[10,7,93],[4,7,90],[5,12,77],[11,13,78],[5,14,34],[8,9,20],[10,12,17],[0,12,79],[7,13,31],[10,11,86],[4,7,31],[3,3,45],[8,9,40],[14,9,86],[12,1,26],[0,13,83],[7,14,47],[10,3,54],[6,15,38],[8,14,33],[15,13,21],[11,15,81],[2,9,79],[2,2,87],[14,15,37],[7,11,72],[15,7,60],[13,10,69],[1,6,35],[2,12,35],[11,13,40],[13,11,28],[0,11,89],[1,7,22],[6,9,88],[15,3,77],[15,8,25],[5,2,68],[4,15,36],[6,9,93],[15,15,91],[15,9,32],[10,7,54],[13,9,23],[1,0,74],[0,10,29],[6,6,40],[5,11,98],[14,0,14],[12,13,48],[12,12,32],[5,6,38],[11,15,48],[1,13,45],[13,7,66],[12,14,38],[7,2,93],[13,6,23],[7,14,36],[14,8,15],[6,7,68],[0,15,90],[2,10,27],[1,13,79],[12,13,16],[11,9,30],[10,14,29],[13,9,63],[8,12,31],[12,10,25],[4,14,54],[1,9,86],[10,10,42],[4,2,70],[2,9,64],[15,10,77],[13,2,21],[0,11,28],[4,9,98],[4,3,58],[13,8,59],[10,9,71],[4,9,99],[12,6,10],[2,2,23],[5,9,78],[14,5,92],[9,3,41],[12,10,10],[11,15,77],[1,10,89],[3,12,77],[0,11,54],[1,14,99],[12,14,55],[11,0,44],[12,3,46],[15,15,41],[4,5,63],[2,15,28],[10,1,26],[13,12,11],[7,12,27],[10,13,17],[9,3,67],[4,4,94],[4,7,82],[15,2,43],[6,15,12],[1,1,47],[12,7,53],[12,13,24],[6,3,62],[2,14,91],[12,14,13],[7,12,87],[10,14,30],[3,10,100],[5,11,79],[1,14,87],[0,13,53],[7,10,66],[2,0,99],[14,8,28],[3,4,19],[0,9,29],[7,1,39],[3,13,60],[5,1,38],[9,5,26],[6,6,38],[15,9,81],[4,8,91],[0,14,48],[7,10,80],[14,6,71],[10,9,59]]
4
[1,1,6,1,3,10,4,4,2,3,2,2,3,1,2,4]
3
1
